world: 7407aad2-ac5b-42aa-8b0f-a0832a0f3441
world-name: world
x: 772.9748643492027
y: 63.0
z: 453.1343678160543
yaw: 78.3209228515625
pitch: 30.122915267944336
name: fish
lastowner: 4c350acc-12e5-368e-88f3-25c804a845d9
