world: 7407aad2-ac5b-42aa-8b0f-a0832a0f3441
world-name: world
x: 101.83774149053889
y: 63.5
z: 7.960647385813009
yaw: 0.013087272644042969
pitch: -4.100500106811523
name: spawn
lastowner: 4c350acc-12e5-368e-88f3-25c804a845d9
